/*--------------------------------*- C++ -*----------------------------------*\
| =========                 |                                                 |
| \\      /  F ield         | OpenFOAM: The Open Source CFD Toolbox           |
|  \\    /   O peration     | Version:  5.x                                   |
|   \\  /    A nd           | Web:      www.OpenFOAM.org                      |
|    \\/     M anipulation  |                                                 |
\*---------------------------------------------------------------------------*/
FoamFile
{
    version     2.0;
    format      binary;
    class       faceSet;
    location    "constant/polyMesh/sets";
    object      layerFaces;
}
// * * * * * * * * * * * * * * * * * * * * * * * * * * * * * * * * * * * * * //


9500
(
163840 
131073 
147458 
163843 
114691 
131078 
163847 
163848 
163851 
147467 
131083 
114700 
163854 
163855 
131088 
114705 
163858 
147476 
163861 
131093 
163864 
147481 
114714 
163867 
163868 
131100 
163871 
131103 
114719 
163874 
147490 
163875 
131108 
163878 
114726 
163879 
163882 
131115 
114731 
147500 
163885 
131118 
163888 
147505 
163890 
163891 
131123 
114740 
163894 
163895 
131128 
114745 
163898 
147514 
163901 
131133 
114750 
163904 
131138 
163907 
147523 
163908 
163911 
114759 
147528 
131145 
163914 
163915 
131148 
114764 
147533 
163918 
163919 
131153 
114769 
163922 
163925 
163926 
147542 
163927 
131160 
114778 
131163 
163932 
163935 
147551 
114783 
163936 
131168 
147556 
114788 
163941 
131173 
163942 
163945 
163946 
131178 
163949 
114797 
147567 
131183 
163952 
163953 
114802 
163956 
163957 
147574 
131190 
114807 
163960 
131193 
163963 
163966 
131198 
147583 
114816 
163969 
163970 
163973 
131205 
114821 
163976 
147592 
131208 
163977 
114826 
163980 
163981 
147597 
131213 
163984 
147602 
131218 
163987 
114835 
131221 
163990 
163991 
163992 
114840 
147611 
163996 
163997 
114845 
131231 
164000 
164003 
147620 
164006 
114854 
131239 
164008 
164009 
147625 
114859 
164012 
147630 
131246 
164016 
114864 
164017 
164021 
131253 
147639 
164024 
114873 
164027 
131259 
164030 
114878 
164031 
147648 
164034 
131266 
164035 
114883 
147653 
131269 
164038 
164041 
131274 
164044 
114892 
147662 
164047 
164048 
114897 
131282 
164051 
164054 
114902 
164055 
147672 
164058 
164059 
147677 
131293 
114909 
164062 
164065 
114914 
164068 
164069 
147686 
131303 
164072 
164073 
114923 
164076 
164079 
147695 
131311 
164080 
114928 
164083 
164084 
147700 
114933 
164087 
164091 
147707 
164093 
114942 
131327 
164096 
164097 
114947 
164101 
147720 
131336 
114952 
164106 
164107 
147726 
131343 
164113 
114961 
164116 
131348 
164117 
114966 
147735 
164120 
164123 
131355 
114971 
164126 
131358 
164127 
147744 
164130 
114980 
164133 
147749 
164134 
131368 
164137 
114985 
164138 
147754 
164141 
131373 
114990 
164144 
131378 
164147 
147763 
164148 
164151 
131383 
114999 
164154 
164155 
147772 
131388 
115004 
164158 
164159 
147777 
115009 
164162 
131395 
164165 
131398 
164168 
164169 
147786 
115018 
131403 
164172 
164174 
164175 
115023 
164176 
164177 
131410 
147796 
115028 
131413 
147801 
131418 
115037 
131423 
147810 
115042 
164195 
131428 
115047 
131433 
164203 
147819 
147824 
131440 
115056 
164210 
131443 
164213 
115061 
131448 
164217 
115066 
147839 
131455 
131458 
115075 
131463 
115080 
147852 
131468 
115085 
131473 
147858 
115092 
131478 
115097 
164251 
147867 
131485 
164256 
131488 
115106 
164259 
147876 
131493 
115111 
164264 
147881 
131500 
115116 
164269 
147886 
131503 
164272 
164276 
131508 
164277 
115125 
164278 
147895 
131513 
115130 
131516 
115135 
147904 
147909 
131526 
115144 
131532 
115149 
147918 
131538 
115154 
147928 
131545 
115163 
131548 
115168 
131553 
147941 
115173 
131560 
147948 
131566 
115182 
147955 
131571 
115187 
115192 
131582 
115201 
115206 
147975 
131592 
115211 
147980 
147985 
115220 
147990 
131606 
115225 
147995 
131611 
131613 
115230 
148000 
148005 
115239 
148010 
131627 
115244 
148015 
115249 
131634 
148020 
131637 
148025 
131642 
115258 
148030 
115263 
131649 
148035 
115268 
131655 
148040 
115275 
131660 
148045 
115280 
148050 
131667 
148055 
115289 
131674 
148060 
131677 
115294 
148065 
131682 
115299 
148070 
131689 
148075 
115308 
131695 
148080 
115313 
131700 
148085 
115318 
148090 
131707 
148095 
115327 
131714 
148100 
115332 
131717 
148105 
115337 
131722 
148110 
131729 
115346 
148115 
131735 
115351 
148120 
131740 
115356 
148125 
148130 
131747 
115365 
148135 
131754 
115370 
148140 
131757 
115375 
148145 
131762 
148150 
115384 
131769 
148155 
115389 
131775 
148160 
115394 
131780 
148165 
148170 
115403 
131788 
148175 
115408 
131795 
148180 
115413 
148185 
148190 
115422 
131807 
148195 
115427 
131813 
148200 
115432 
131818 
148205 
131825 
115441 
148210 
131830 
115446 
148215 
131835 
115451 
148220 
148225 
131842 
115458 
148230 
131847 
115463 
148235 
131852 
148240 
115472 
131857 
131858 
148245 
115477 
131863 
148250 
115482 
131870 
148255 
131875 
115491 
148260 
131880 
115496 
148265 
148270 
131887 
115503 
148275 
131892 
115508 
148280 
131897 
115515 
148285 
131902 
131903 
115520 
148290 
131908 
148295 
115527 
131915 
148300 
115534 
131920 
148305 
131925 
148310 
115543 
148315 
131932 
115548 
148320 
131937 
115553 
148325 
131942 
148330 
115562 
131947 
131948 
148335 
115567 
131953 
148340 
115572 
131960 
148345 
131965 
115581 
148350 
131970 
115586 
148355 
115591 
148360 
131977 
148365 
131982 
115600 
148370 
131987 
115605 
148375 
131992 
131993 
115610 
148380 
131998 
148385 
115617 
132005 
148390 
115622 
132010 
148395 
132015 
115631 
148400 
115636 
148405 
132022 
148410 
132027 
148415 
132032 
115648 
148420 
132037 
132038 
115655 
148425 
132043 
148430 
115662 
132050 
148435 
115669 
132055 
148440 
115674 
132060 
148445 
148450 
115682 
132067 
148455 
132072 
115691 
148460 
132077 
115696 
148465 
132082 
132083 
115701 
148470 
132088 
148475 
115710 
132095 
148480 
115715 
132100 
148485 
115720 
132105 
148490 
148495 
132112 
115729 
148500 
132117 
115734 
148505 
132122 
115739 
148510 
132127 
132128 
115746 
148515 
132133 
115751 
148520 
132140 
148525 
132145 
148530 
115763 
132150 
148535 
115768 
148540 
132157 
148545 
115777 
132162 
148550 
132167 
148555 
132172 
132173 
115789 
148560 
132178 
148565 
115798 
132183 
148571 
132188 
115806 
148576 
132193 
148581 
115815 
132200 
148586 
115820 
132205 
148591 
132208 
115825 
148596 
132213 
148601 
115834 
132219 
148606 
115839 
132224 
148611 
115844 
132231 
148616 
132236 
148621 
115853 
132241 
148626 
115858 
148631 
115863 
132248 
148636 
132253 
115870 
148641 
132258 
148646 
132263 
115879 
132264 
148651 
132269 
148656 
132276 
132281 
132286 
115902 
148674 
132293 
115909 
148679 
132298 
148685 
132303 
115921 
148690 
132308 
132309 
148696 
132314 
148701 
115933 
132321 
148706 
132326 
148711 
115945 
132331 
148716 
148721 
132338 
115956 
148726 
132343 
148731 
132348 
148736 
132353 
132354 
115970 
148741 
132359 
115977 
148746 
132366 
148751 
115984 
132371 
148756 
132376 
115993 
148764 
132383 
116000 
148769 
132388 
148774 
116007 
132393 
148779 
132398 
132399 
148784 
116016 
132404 
148789 
116023 
148794 
132411 
116030 
148799 
132416 
148804 
132421 
116039 
148809 
132428 
148814 
116046 
132433 
148819 
116053 
132438 
132443 
132444 
116062 
148832 
132449 
116069 
132456 
148841 
116076 
132461 
148846 
132466 
148851 
116085 
148856 
132473 
116092 
148861 
132478 
148866 
132483 
116099 
148871 
132488 
132489 
148876 
116108 
132494 
148881 
116115 
132501 
132506 
116122 
148891 
132511 
116131 
132518 
148903 
116138 
132523 
148908 
132528 
116145 
148916 
132533 
132534 
116154 
148923 
132539 
116159 
148930 
132546 
116166 
148935 
132551 
148937 
148940 
132556 
148943 
148944 
148947 
132563 
116180 
148950 
148951 
132568 
148954 
116187 
148957 
132573 
148958 
148961 
132578 
116194 
132579 
148964 
148965 
148968 
132584 
148971 
116203 
148972 
132589 
148975 
148978 
132594 
116210 
148979 
148982 
132599 
148985 
116217 
148986 
148989 
132606 
148992 
148993 
116226 
132611 
148996 
132614 
148999 
149000 
116233 
149003 
132619 
149006 
149007 
116240 
132625 
149010 
149013 
149014 
132630 
149017 
116249 
149020 
149021 
132637 
149024 
116256 
132642 
149027 
149028 
149031 
132647 
116263 
149034 
149035 
149038 
132654 
116272 
149041 
149042 
132659 
149045 
116279 
149048 
132664 
149049 
149052 
132669 
132670 
116286 
149055 
149056 
149059 
132675 
149062 
149063 
116295 
149066 
132682 
149069 
149070 
116302 
132687 
149073 
149076 
132692 
149077 
116309 
149080 
149083 
132699 
149084 
116318 
149087 
132704 
149090 
149091 
132709 
116325 
149094 
149097 
149098 
132714 
132715 
116332 
149101 
149104 
132720 
149105 
149108 
116341 
149111 
132727 
149112 
149115 
132732 
116348 
149118 
149119 
132737 
149122 
116355 
149125 
149126 
132744 
149129 
149132 
116364 
149133 
132749 
149136 
116369 
132754 
149139 
149140 
149143 
132759 
132760 
116376 
149146 
149147 
132765 
149150 
149153 
149154 
132772 
149157 
116390 
149160 
149161 
132777 
149164 
116397 
132782 
149167 
149168 
149171 
116404 
132789 
149174 
149175 
149178 
132794 
149181 
116413 
149182 
132799 
149185 
149188 
132804 
116420 
149189 
132805 
149192 
132810 
149195 
116427 
149196 
149199 
132817 
149202 
149203 
116436 
149206 
132822 
149209 
149210 
132827 
116443 
149213 
149216 
149217 
132834 
116450 
149220 
149223 
132839 
149224 
149227 
116459 
132844 
149230 
149231 
132849 
149234 
132850 
116466 
149237 
149238 
132855 
149241 
116473 
149244 
149245 
132862 
149248 
116482 
149251 
132867 
149252 
149255 
132872 
116489 
149258 
149259 
149262 
132879 
116496 
149265 
149266 
132884 
149269 
149272 
149273 
132889 
116505 
149276 
132894 
149279 
132895 
149280 
116512 
149283 
132900 
149286 
149287 
116519 
149290 
132907 
149293 
149294 
132912 
116528 
149297 
149300 
149301 
132917 
116535 
149304 
149307 
149308 
132924 
116542 
149311 
132929 
149314 
149315 
149318 
132934 
116551 
149321 
149322 
132939 
132940 
149325 
116558 
149328 
132945 
149330 
116565 
149334 
132952 
149337 
149340 
149341 
132957 
116574 
149344 
132962 
149347 
116579 
149348 
149351 
132969 
149354 
116586 
149355 
149358 
132974 
149361 
149362 
132979 
149365 
149368 
132984 
116600 
149369 
132985 
149372 
132990 
149375 
116607 
149376 
149379 
132995 
149382 
116614 
149383 
133000 
149386 
149389 
133005 
149390 
116623 
149393 
149396 
133012 
149397 
116630 
149400 
133017 
149403 
149404 
133020 
116637 
133025 
149410 
149413 
116646 
133031 
149416 
149417 
149420 
133036 
116653 
149423 
149424 
149427 
133043 
116660 
149430 
149431 
133048 
149434 
149437 
133053 
116669 
149444 
133060 
116676 
149447 
133065 
116683 
133070 
149456 
133075 
133076 
116692 
149463 
133081 
116699 
149468 
149471 
133088 
116706 
133093 
149480 
133098 
116715 
149489 
133105 
116722 
149494 
133110 
116729 
149499 
133115 
133120 
133121 
116738 
149508 
133126 
116745 
149517 
133133 
116752 
149522 
133138 
149527 
133143 
116761 
133150 
149536 
116768 
133155 
116775 
133160 
149545 
133165 
149550 
133166 
116784 
149555 
133171 
116789 
133178 
149564 
116796 
133183 
133188 
149573 
149578 
116810 
133195 
149583 
133200 
116817 
133205 
149592 
116824 
133210 
133211 
133216 
149601 
116833 
149606 
133223 
116840 
149611 
133228 
116847 
133233 
149620 
133240 
116856 
149629 
133245 
116863 
149634 
133250 
116870 
149639 
133255 
133256 
133261 
116879 
149648 
133268 
116886 
149657 
133273 
116893 
149662 
133278 
149667 
133285 
116902 
133290 
149676 
116909 
133295 
133300 
116916 
149685 
133301 
149690 
133306 
116925 
133313 
116932 
149702 
133318 
133323 
116939 
149711 
133330 
116948 
149718 
133335 
149723 
116955 
133340 
149726 
133345 
133346 
116962 
149735 
133351 
116971 
133358 
149744 
116978 
133363 
149749 
133368 
116985 
149754 
133375 
116994 
149763 
133380 
116999 
133385 
149772 
133390 
117006 
133391 
149777 
133396 
149782 
133401 
117020 
133406 
149791 
133411 
117027 
149800 
133418 
117034 
149805 
133423 
149810 
133426 
117043 
133431 
117050 
149819 
133437 
117057 
133442 
149828 
149833 
133449 
117066 
149838 
133454 
133459 
149847 
117081 
133466 
133471 
149856 
133476 
149861 
133481 
149866 
133482 
117099 
133487 
117106 
149875 
133494 
117113 
133499 
149884 
133504 
149889 
117122 
149894 
133511 
117129 
133516 
149903 
117136 
133521 
133526 
133527 
149912 
117145 
133532 
149917 
117152 
149922 
133539 
117159 
133544 
149931 
133549 
117168 
149940 
133556 
117175 
149945 
133561 
133566 
117182 
133571 
133572 
149957 
117191 
133577 
117196 
149966 
133584 
117203 
149973 
133589 
149978 
133594 
149981 
133601 
117217 
149990 
133606 
117224 
133611 
149999 
117231 
133616 
133617 
150004 
133622 
150009 
117244 
133629 
150018 
133634 
133639 
117258 
150027 
133646 
150032 
117265 
133651 
150037 
133656 
117274 
133661 
150046 
133662 
117281 
133667 
150055 
117288 
133674 
150060 
133679 
150065 
117297 
133684 
117304 
150074 
133691 
117311 
133696 
150083 
133701 
150088 
117320 
133706 
133707 
150093 
117327 
133712 
150102 
117334 
133719 
133724 
150111 
117343 
133729 
150116 
117348 
133736 
150121 
117355 
133741 
150130 
133746 
133751 
133752 
117369 
150139 
133757 
150144 
117376 
133764 
150149 
117383 
133769 
150158 
133774 
117396 
133781 
150167 
133786 
150172 
133791 
150177 
133796 
133797 
117415 
150186 
133802 
117422 
133807 
150195 
133812 
117429 
150200 
133817 
117438 
133824 
150212 
133829 
117445 
133832 
117452 
150221 
133837 
133843 
150228 
117461 
133848 
150233 
150236 
117468 
133855 
117475 
133860 
150245 
133865 
117484 
150254 
133872 
117489 
150259 
133877 
150264 
117496 
133882 
133887 
133888 
150273 
133893 
117510 
150282 
133900 
117517 
150287 
133905 
150292 
117524 
133910 
150301 
133917 
133922 
150310 
133927 
117544 
150315 
133932 
133933 
150320 
133938 
117559 
150329 
133945 
133950 
117566 
150338 
117573 
133958 
150343 
133963 
150348 
117582 
133970 
133971 
150357 
117589 
133976 
117596 
150366 
133983 
150371 
117605 
133991 
150376 
117612 
150385 
134002 
117619 
134007 
150394 
134012 
117628 
150399 
117633 
150404 
134021 
117640 
134026 
134027 
150413 
117647 
134032 
150422 
134039 
117656 
150427 
134044 
150432 
134049 
117669 
134056 
150441 
134061 
117678 
150450 
134066 
117683 
150455 
134071 
134072 
117688 
134077 
117697 
150467 
134084 
117704 
134089 
150476 
134094 
150483 
117715 
134101 
150488 
134106 
117722 
150491 
134111 
150500 
134116 
134117 
117734 
134122 
150509 
117743 
134129 
150514 
117748 
134134 
150519 
134139 
117757 
150528 
134146 
117766 
134151 
150537 
117771 
134156 
150542 
134161 
134162 
117778 
150547 
134167 
117783 
150556 
134174 
117792 
134179 
150565 
117797 
134184 
150570 
117806 
150575 
134191 
117811 
134196 
150584 
134201 
117820 
134206 
134207 
150593 
117825 
134212 
150598 
134217 
117834 
150603 
134222 
117839 
134227 
150612 
117848 
134234 
150621 
117853 
134239 
150626 
134242 
117862 
150631 
134247 
117867 
134253 
150640 
134258 
117876 
150649 
134265 
117881 
150654 
134270 
117890 
150659 
134275 
117895 
134282 
150668 
134287 
117904 
134292 
150677 
117909 
134297 
150682 
117914 
134301 
150687 
117919 
134310 
150696 
117928 
117933 
150705 
134322 
117938 
150710 
134329 
117947 
134336 
117952 
150722 
117957 
150731 
134347 
117966 
150738 
134354 
117971 
150743 
134359 
117976 
150746 
134366 
117985 
150755 
117990 
134376 
150764 
134383 
117999 
150769 
134388 
150774 
134395 
118011 
150783 
134400 
118019 
134405 
150792 
134412 
118028 
150797 
134417 
118033 
134422 
118038 
134427 
134428 
118047 
150816 
134433 
118052 
150821 
134440 
118057 
134445 
150830 
134450 
118066 
150839 
118071 
134457 
150844 
134462 
150849 
134467 
134472 
118088 
134473 
150858 
134478 
118098 
150867 
134485 
118103 
150872 
134490 
150877 
134495 
118112 
150886 
134502 
134507 
150895 
134512 
118130 
150900 
134517 
134518 
118137 
134523 
150912 
134528 
118146 
134533 
150921 
134538 
118155 
150928 
134545 
118161 
150933 
134550 
150936 
134553 
118170 
134558 
118175 
150945 
134564 
118180 
134569 
150954 
118189 
150959 
134576 
118194 
134581 
118199 
134586 
118208 
150977 
134593 
118213 
134598 
150986 
118218 
134603 
134608 
150995 
118227 
151000 
118232 
134617 
151005 
118237 
134624 
151014 
118246 
134631 
118251 
134636 
151023 
134639 
118256 
134642 
151028 
151033 
134649 
118269 
134657 
151042 
118274 
151051 
118283 
134669 
151056 
118288 
134674 
118295 
134683 
151068 
134686 
118304 
134689 
151077 
118309 
134698 
118314 
151084 
134703 
118319 
151089 
151092 
134710 
118328 
134715 
151101 
118333 
134720 
118338 
151110 
134727 
151115 
118347 
134732 
118352 
134737 
118357 
134742 
134743 
134748 
118366 
151137 
134755 
118371 
134760 
118376 
151146 
134765 
118385 
151155 
134772 
118390 
151160 
134777 
118395 
151165 
134782 
134787 
134788 
118404 
151174 
134793 
118409 
118414 
151183 
134800 
151188 
134805 
118423 
151193 
134810 
118428 
134817 
118433 
151202 
134822 
118442 
151211 
134827 
118447 
151216 
134832 
134833 
118452 
134838 
134843 
118461 
134848 
118466 
134853 
151238 
118471 
134860 
118476 
151247 
134865 
134868 
118485 
134873 
118490 
151263 
134879 
118495 
151268 
134884 
118504 
134891 
151277 
134896 
118512 
134901 
118517 
151287 
118522 
134908 
151296 
134913 
118533 
134918 
151306 
118538 
134923 
118543 
134929 
151315 
118552 
118557 
151329 
134948 
118565 
151336 
134955 
118574 
134960 
118579 
151349 
134969 
151356 
134974 
118590 
134975 
118595 
151364 
151369 
118602 
151374 
118607 
134994 
151379 
151382 
134999 
118616 
151387 
135006 
151392 
118625 
135011 
151397 
118630 
135016 
151402 
118635 
151407 
135023 
151412 
135028 
118644 
151417 
135033 
118649 
151422 
135038 
135039 
151427 
118659 
135044 
151432 
135051 
118668 
151437 
135056 
151442 
135061 
118677 
151447 
118682 
151452 
135068 
118687 
151457 
135073 
151462 
135078 
118696 
151467 
135083 
135084 
118701 
151472 
135089 
118706 
151477 
118711 
135096 
151482 
135101 
151487 
118720 
135106 
151492 
118728 
151497 
135113 
151502 
135118 
118737 
135123 
151508 
118742 
135128 
151513 
135129 
118747 
151518 
135134 
151523 
135139 
118756 
151527 
135144 
118761 
151532 
135149 
118766 
151537 
135156 
151542 
118775 
135161 
151547 
135164 
118780 
151552 
135169 
118785 
135170 
151557 
118790 
151562 
118795 
135180 
151567 
135183 
118803 
151572 
135192 
151577 
118812 
151582 
135199 
151588 
151593 
135209 
118829 
151598 
135216 
151603 
135220 
118838 
151608 
135227 
151613 
118845 
135232 
135233 
118850 
151619 
118853 
151624 
135242 
151629 
118862 
151632 
151637 
118869 
135254 
151642 
118874 
118877 
151647 
135263 
135267 
151652 
118886 
135272 
151657 
118893 
151662 
135282 
118898 
151667 
118901 
135287 
151672 
135292 
151677 
118910 
151682 
135299 
118917 
151687 
118922 
151692 
151697 
135314 
118931 
151702 
135319 
135320 
118938 
151707 
135323 
151712 
118947 
151717 
135335 
151723 
118956 
135342 
151728 
118963 
151733 
135349 
118968 
151738 
135354 
151743 
118975 
151748 
118982 
135369 
151754 
118987 
151759 
135376 
151764 
118996 
135383 
151769 
151772 
119005 
135390 
151777 
119010 
151782 
135399 
119017 
151787 
135404 
151792 
135411 
151797 
135416 
119032 
151802 
119037 
151807 
119042 
151812 
151817 
135434 
119051 
151822 
135441 
151827 
119060 
135446 
135447 
151832 
119065 
135450 
151837 
119070 
135455 
151842 
151847 
119079 
135464 
135467 
151852 
119088 
151857 
135475 
119093 
151863 
135482 
119098 
151868 
135487 
135488 
135491 
119107 
151876 
135496 
151881 
119116 
151886 
135505 
119121 
151892 
135508 
151897 
135516 
151902 
119136 
151907 
135523 
151910 
135528 
135529 
151915 
135532 
151920 
135537 
119155 
151925 
151930 
135546 
135549 
119165 
151935 
119170 
135557 
151942 
151947 
119179 
135564 
151953 
135569 
135570 
119188 
135573 
151958 
119193 
135578 
151963 
151968 
119200 
135587 
151973 
135590 
119209 
151978 
135598 
151983 
119218 
151988 
135605 
119223 
151993 
135610 
135611 
119228 
151998 
135614 
152003 
135619 
119237 
152008 
135628 
152013 
119246 
135631 
152018 
119251 
152023 
135639 
119256 
152029 
135646 
119265 
152035 
135651 
135652 
135655 
152040 
119274 
152043 
135660 
119279 
152048 
119284 
152053 
135669 
135672 
152058 
119293 
152063 
135680 
119302 
135687 
152073 
119307 
135692 
135693 
152078 
135696 
119312 
152083 
135701 
152089 
119321 
152094 
135710 
135713 
119330 
152099 
135718 
119335 
152104 
135723 
152109 
152114 
135730 
119346 
135735 
152120 
135736 
119356 
152126 
135744 
119361 
152131 
135749 
152135 
135752 
119370 
152140 
135757 
119379 
152148 
135766 
119384 
152153 
135769 
135772 
152158 
152163 
135779 
119396 
152168 
135784 
135785 
135788 
152173 
119405 
152178 
135795 
119414 
152183 
135800 
135801 
119419 
135804 
152189 
119424 
135809 
152194 
152199 
119433 
135818 
152204 
135821 
152207 
135824 
119442 
152212 
135831 
119447 
152217 
135836 
119452 
135837 
135840 
152227 
119461 
135847 
152233 
135852 
135853 
152238 
119470 
135856 
152243 
119475 
135861 
152248 
119480 
152253 
135870 
135873 
119489 
152258 
135876 
152263 
119498 
135883 
152269 
119503 
135888 
135889 
152274 
135892 
119508 
152279 
135899 
152284 
119517 
135904 
152289 
135905 
135908 
119526 
135913 
152298 
119531 
152305 
135922 
119540 
135925 
152312 
135928 
152318 
119550 
135935 
119555 
135940 
152325 
135941 
135944 
119564 
152333 
135951 
152339 
135956 
135957 
119573 
135960 
152346 
119578 
135965 
152351 
152354 
135974 
119590 
135977 
152363 
135980 
119599 
152370 
135987 
152375 
135992 
119608 
135993 
152378 
152379 
135996 
119613 
152386 
119618 
136003 
152391 
152392 
136008 
136009 
152395 
119627 
136012 
152400 
136017 
119636 
152409 
119641 
136026 
152412 
136029 
119646 
152415 
136032 
152422 
136039 
119655 
152427 
136044 
136045 
152430 
152431 
136048 
119664 
119669 
152438 
136055 
119674 
152443 
152444 
136060 
136061 
152447 
136064 
119683 
152452 
136069 
119692 
152461 
136078 
152464 
136081 
119697 
152467 
136084 
119702 
152474 
136091 
152479 
119711 
136096 
136097 
152482 
152483 
136100 
119720 
152490 
136107 
119725 
152495 
152496 
136112 
136113 
152499 
136116 
119734 
152504 
136121 
119744 
152513 
136130 
152516 
136133 
119749 
152519 
136138 
152526 
119758 
136145 
152531 
152534 
136150 
152535 
136151 
119767 
136156 
119772 
152542 
152547 
136163 
152548 
152551 
136168 
136169 
152556 
136172 
119788 
136179 
152565 
119797 
152568 
136184 
119802 
152571 
136187 
136188 
136193 
152578 
119811 
152583 
152586 
136202 
152587 
119820 
136205 
136208 
152594 
119826 
152599 
136215 
152600 
152603 
119835 
136220 
136221 
152608 
136224 
119844 
136231 
152617 
119849 
152620 
136236 
136237 
119854 
152623 
136240 
136245 
152630 
119863 
152635 
152638 
136254 
152639 
119872 
136257 
136260 
119877 
152646 
119882 
152651 
136267 
152652 
152655 
136272 
136273 
119891 
152660 
136276 
136283 
119900 
152669 
152672 
136288 
136289 
119905 
152675 
136292 
136297 
152682 
152687 
119921 
152690 
136306 
152691 
136309 
136312 
152698 
119931 
152703 
136319 
152704 
119936 
152707 
136324 
136325 
152712 
136328 
119945 
136335 
152721 
119954 
152724 
136340 
136341 
152727 
119959 
136344 
136349 
152734 
152739 
152742 
136358 
152743 
136361 
119977 
136364 
152750 
152755 
136371 
152756 
152759 
136376 
119992 
136377 
152764 
136380 
119998 
136387 
152773 
120007 
152776 
136392 
136393 
136396 
152782 
120016 
136401 
152787 
120021 
136410 
152796 
136413 
136416 
152803 
120037 
136423 
152808 
152809 
152812 
136428 
136429 
120047 
136432 
152819 
120052 
136439 
152824 
152825 
152828 
136444 
136445 
120061 
136448 
152833 
136453 
120070 
152842 
120075 
152845 
136462 
152848 
136465 
136468 
152855 
136475 
152860 
152861 
152864 
136480 
136481 
120097 
136484 
152871 
136491 
152876 
152877 
120110 
152880 
136496 
136497 
136500 
152885 
136505 
120122 
152894 
152897 
136514 
152900 
120132 
136517 
136520 
120137 
152907 
136527 
152912 
152913 
120146 
152916 
136532 
136533 
136536 
152923 
120155 
136543 
152928 
120160 
152929 
152932 
136548 
136549 
120165 
136552 
152937 
136557 
152946 
120178 
152949 
136566 
152952 
136569 
120188 
136574 
152959 
152964 
152965 
136581 
152968 
120200 
136586 
136587 
152975 
136592 
120209 
152980 
152981 
136599 
152984 
120218 
136604 
152989 
136605 
120223 
136608 
120228 
152998 
136615 
153001 
153004 
136620 
120237 
136623 
136624 
153011 
136629 
120246 
153016 
153017 
120251 
153020 
136638 
136641 
153027 
136644 
120260 
153032 
153033 
136651 
153036 
120270 
136656 
153041 
136657 
136660 
153050 
136667 
153053 
153056 
136672 
136673 
120290 
136676 
153063 
136681 
153068 
153069 
153072 
136690 
136693 
153079 
136696 
153084 
153085 
136703 
120319 
153088 
136708 
153093 
136709 
136712 
120328 
153102 
136719 
120335 
153105 
153108 
136724 
136725 
120342 
136728 
153115 
136733 
120351 
153120 
153121 
153124 
136742 
120358 
136745 
153131 
136748 
120365 
153136 
153137 
136755 
153140 
120374 
136760 
153145 
136761 
136764 
120381 
153154 
136771 
120388 
153157 
153160 
136776 
136777 
136780 
120397 
153167 
136785 
153172 
120404 
153173 
153176 
136794 
120411 
136797 
153183 
136800 
153188 
120420 
153189 
136807 
153192 
120427 
136812 
153197 
136813 
136816 
120434 
153206 
136823 
153209 
120443 
136828 
136829 
153215 
136832 
120450 
153220 
136837 
120457 
153229 
136846 
136849 
120466 
153236 
136852 
153241 
120473 
153242 
136859 
153245 
136864 
120480 
136865 
153252 
136868 
153257 
120489 
153258 
136875 
153261 
136880 
120496 
136881 
153266 
136884 
120503 
136889 
153275 
153278 
120512 
153281 
136898 
136901 
120519 
153288 
136904 
153293 
153294 
120526 
136911 
153297 
136916 
136917 
120535 
153304 
136920 
153309 
153310 
120542 
136927 
153313 
136932 
136933 
120549 
153318 
136936 
136941 
120558 
153327 
153330 
153333 
120565 
136950 
136953 
153340 
136956 
120572 
153345 
153346 
136963 
153349 
120581 
136968 
136969 
153356 
136972 
120588 
153361 
153362 
136979 
120595 
153365 
136984 
136985 
153370 
136988 
120604 
136993 
153379 
120611 
153382 
153385 
137002 
120618 
137005 
153392 
137010 
120627 
153397 
153398 
153401 
137017 
120634 
137022 
137023 
153408 
120641 
137028 
153413 
153414 
153417 
120650 
137035 
153422 
137040 
137041 
120657 
137044 
153431 
120664 
153434 
137051 
153437 
137056 
120673 
137059 
153444 
137060 
120680 
153449 
137065 
153450 
153453 
120687 
137074 
153460 
137077 
137080 
120696 
153465 
153466 
153469 
137087 
120703 
153474 
137092 
137093 
120710 
137096 
153483 
153486 
137103 
120719 
153489 
137108 
137109 
120726 
153496 
137112 
153501 
137117 
120733 
153502 
153505 
137126 
120742 
153512 
137129 
137132 
153517 
120749 
153518 
153521 
137139 
120756 
153526 
137144 
137145 
137148 
120765 
153535 
153538 
137155 
120772 
153541 
137160 
137162 
120779 
153548 
153553 
153554 
137171 
120788 
153557 
137177 
120795 
153564 
137182 
153569 
153570 
120802 
153573 
137190 
153578 
137195 
120811 
137196 
120818 
153587 
137204 
153590 
153593 
120825 
137211 
153600 
137216 
137217 
120834 
137220 
153605 
153606 
153609 
120841 
137230 
153616 
137232 
120848 
153621 
137237 
153622 
153625 
120857 
153630 
137246 
120864 
137250 
153639 
120871 
137257 
153642 
137262 
137263 
153648 
120880 
137266 
153653 
120887 
137273 
153662 
137278 
120894 
137279 
137282 
153669 
137287 
120903 
153674 
153675 
153678 
120910 
137296 
137299 
153685 
120917 
137302 
153690 
153691 
137309 
153694 
120926 
137314 
153699 
137315 
120933 
137318 
153708 
120940 
137325 
153711 
153714 
137330 
137331 
120949 
137334 
153721 
137339 
120956 
153726 
153727 
153730 
120963 
137348 
137351 
153737 
137356 
120972 
153742 
153743 
153746 
137363 
120979 
153751 
137368 
137369 
120986 
137374 
153760 
153763 
120995 
137381 
153766 
137386 
121002 
137387 
153773 
137390 
121009 
153778 
153779 
137397 
153782 
137402 
121018 
153789 
137405 
137406 
121025 
153794 
153795 
137411 
153798 
121032 
153803 
137420 
137423 
121041 
137426 
153812 
153815 
121048 
137433 
153818 
137438 
137439 
121055 
153825 
137442 
153830 
153831 
121064 
137449 
153834 
137454 
137455 
121071 
153841 
137458 
153846 
121078 
153847 
153850 
137468 
153855 
121087 
137475 
121094 
153864 
137482 
153867 
121101 
153870 
137487 
137488 
137491 
153877 
121110 
153882 
153883 
137501 
121117 
153886 
137504 
121124 
153893 
137509 
153898 
153899 
121133 
153902 
137518 
137521 
153907 
137524 
121140 
137531 
121147 
153916 
153919 
137536 
137537 
153922 
137540 
121156 
153929 
137547 
121163 
153934 
153935 
137552 
137553 
153938 
121170 
137556 
153945 
137561 
121179 
153950 
153951 
153954 
137570 
121186 
137573 
153959 
137578 
121199 
153968 
137585 
153971 
153974 
137590 
121206 
137591 
137596 
153981 
121217 
153986 
153987 
137603 
153990 
137608 
121224 
137609 
153997 
121231 
137617 
154002 
154003 
154006 
137622 
121240 
154011 
137631 
121247 
137634 
154020 
137637 
121254 
154023 
154026 
137647 
121263 
154033 
137649 
154038 
121270 
154039 
137656 
154042 
137661 
121277 
137662 
154049 
137665 
154054 
121286 
154055 
154058 
137674 
121293 
154063 
137682 
121300 
154072 
154075 
137693 
121309 
154081 
137698 
121316 
154086 
121323 
137708 
154095 
137711 
121332 
154102 
137718 
154107 
137723 
121339 
154108 
137724 
154111 
121346 
137732 
154118 
137737 
154123 
121355 
154124 
154127 
137746 
121362 
154132 
137749 
137752 
154141 
137759 
154144 
154147 
121379 
137764 
137765 
137768 
154154 
121388 
154159 
137775 
154160 
154163 
137780 
137781 
121399 
137784 
154170 
137789 
154175 
154176 
121408 
154179 
137798 
121415 
154184 
137801 
137806 
121422 
154193 
154196 
137813 
154199 
121431 
137818 
154206 
121438 
137823 
154211 
154212 
121445 
154215 
137836 
154222 
121454 
137839 
154227 
154228 
121461 
154231 
154236 
121468 
137859 
137860 
154245 
121477 
154248 
154251 
137867 
121484 
137872 
137873 
154258 
121491 
154263 
137879 
154264 
154267 
121500 
137886 
154274 
137891 
121507 
137892 
154279 
154280 
154283 
137899 
154288 
121520 
137908 
154297 
137913 
121530 
154300 
154303 
121539 
154310 
137928 
121546 
154315 
154316 
154319 
137935 
121553 
154326 
137942 
121562 
154331 
154332 
154335 
121569 
154340 
137959 
121576 
137962 
154349 
154352 
121585 
137970 
154355 
137975 
121592 
154362 
154367 
121599 
154368 
154371 
137992 
121608 
154378 
154383 
121615 
154384 
138002 
154387 
138007 
154392 
138015 
121632 
154401 
138018 
154404 
154407 
121642 
154414 
154419 
138035 
154420 
121653 
154423 
138042 
154430 
138048 
121665 
154435 
154436 
154439 
121674 
138059 
154444 
121681 
154453 
138069 
154456 
121688 
138074 
154459 
121697 
154466 
138083 
154471 
154472 
121704 
154475 
138091 
121711 
154482 
138098 
154487 
154488 
138104 
121720 
154491 
138111 
121727 
154496 
138117 
121734 
154505 
154508 
138124 
121741 
154514 
138130 
121750 
154519 
138137 
138143 
154528 
138150 
154535 
121767 
154540 
138156 
154541 
154544 
121777 
138163 
154551 
138169 
154556 
154557 
121789 
154560 
138176 
121796 
154565 
138182 
138189 
121805 
154574 
154577 
138195 
154580 
138202 
154587 
154592 
138208 
154593 
154596 
138213 
121833 
154603 
138220 
121838 
138223 
154608 
154609 
154612 
138228 
121845 
154617 
121850 
138235 
138238 
121855 
154626 
138243 
154629 
121862 
154632 
138248 
121867 
138253 
154639 
121872 
138258 
154644 
154645 
121879 
154648 
138265 
138268 
121884 
138273 
121889 
154658 
154660 
138280 
121896 
138283 
154669 
121901 
154672 
138288 
121906 
138293 
154679 
121913 
138298 
154684 
154685 
121918 
138303 
154688 
121923 
138310 
138313 
154698 
121930 
154700 
138318 
121935 
121940 
154709 
138325 
154712 
138328 
121947 
138333 
154719 
138338 
154724 
154725 
121957 
138343 
154728 
138348 
121964 
154738 
138355 
121971 
154741 
138358 
121976 
154746 
138363 
121983 
138370 
154755 
138373 
154758 
121990 
154761 
138378 
121995 
138383 
154768 
122002 
138388 
154773 
154774 
154777 
138393 
122009 
122014 
154784 
138400 
138403 
154789 
122021 
154790 
138408 
154793 
122028 
154798 
138415 
122033 
138421 
154807 
122040 
154810 
138426 
154813 
122047 
138433 
154820 
122052 
138440 
154825 
154826 
138443 
122059 
154829 
138448 
122066 
154836 
138455 
122071 
154841 
154842 
154845 
138461 
122078 
154850 
138466 
122085 
138473 
122090 
154859 
154862 
138480 
154865 
122097 
138483 
154872 
138488 
122104 
154877 
154878 
138495 
154881 
122116 
138501 
154888 
138506 
122123 
154893 
154894 
154897 
138514 
122130 
154902 
122135 
138521 
138524 
122142 
154911 
138529 
154914 
122149 
154920 
138536 
122154 
138539 
154925 
138544 
122161 
138549 
154934 
122168 
138554 
154941 
122173 
138559 
154946 
154947 
122180 
154950 
138566 
138569 
122187 
154957 
138574 
122192 
154962 
154963 
138581 
154966 
122199 
138584 
138589 
122206 
154977 
138594 
122211 
154980 
138599 
122218 
154990 
138607 
122225 
138610 
154996 
122230 
154999 
138615 
155002 
155005 
122237 
138622 
138628 
122244 
155015 
122249 
138635 
155022 
138639 
122256 
155027 
155028 
138645 
155031 
122263 
138653 
155042 
155043 
122275 
138661 
155046 
122282 
155051 
138668 
122289 
138675 
155060 
122294 
155063 
155066 
138683 
122301 
138688 
155073 
122308 
155078 
155079 
138695 
122313 
155082 
138700 
122320 
155089 
138707 
155094 
155095 
122327 
155098 
138715 
122332 
155103 
138720 
122339 
138727 
155112 
122346 
155115 
138732 
155118 
122351 
138739 
155125 
122358 
155130 
155131 
138747 
122365 
155134 
138752 
122370 
155141 
138760 
122377 
155146 
155147 
155150 
138767 
122384 
155155 
122389 
138775 
155164 
122396 
138782 
155167 
122403 
155173 
138789 
122408 
155178 
138797 
122415 
155187 
138804 
122422 
138811 
155197 
138814 
155199 
122434 
138819 
155206 
122441 
138826 
155211 
155212 
155215 
122448 
138834 
122453 
155224 
138841 
155227 
138844 
122460 
138849 
155234 
122467 
138856 
122472 
155242 
138859 
122479 
138864 
155249 
138869 
122486 
155256 
138874 
122491 
155261 
155262 
155265 
138882 
122498 
138885 
122505 
138890 
155275 
155278 
122510 
155283 
138900 
122517 
155292 
138908 
122524 
155295 
138913 
122529 
155298 
122536 
155305 
138921 
155310 
155311 
122543 
138928 
155314 
138931 
122548 
138936 
155321 
122555 
155326 
155327 
138943 
155330 
138946 
122562 
155335 
138951 
122567 
138956 
122574 
155344 
138961 
155347 
122581 
155350 
138966 
155357 
138973 
138976 
122593 
155362 
155363 
138981 
155366 
122600 
138988 
155373 
138991 
122607 
155378 
155379 
138996 
122612 
155382 
139001 
155387 
122619 
139006 
122626 
139011 
155396 
155399 
122631 
139018 
155405 
139021 
122638 
155410 
139026 
122645 
139033 
122650 
155419 
139036 
139041 
122657 
155429 
139046 
155432 
122664 
139051 
122669 
155439 
139056 
122676 
155446 
155447 
139063 
139066 
122683 
155452 
139071 
122688 
155457 
139078 
122695 
139081 
155466 
155469 
139086 
122702 
155475 
139091 
122707 
139096 
155482 
122714 
139101 
155487 
155488 
122721 
155491 
139108 
122726 
139111 
139116 
122733 
155502 
155507 
139123 
122740 
139126 
155512 
139131 
139136 
122752 
155521 
155524 
139141 
155527 
122759 
139146 
155534 
139153 
155539 
122771 
155540 
139156 
155543 
139161 
122778 
155550 
139168 
122785 
139171 
155557 
155558 
122790 
139176 
155563 
139181 
122797 
155568 
139186 
122804 
139191 
155577 
122809 
155580 
139198 
155583 
122816 
139205 
155590 
122823 
139209 
155595 
155596 
122828 
139214 
155599 
122835 
139221 
155606 
139224 
122842 
155613 
139229 
155614 
155619 
155624 
122857 
139242 
139247 
155633 
155636 
139252 
122870 
155642 
139260 
122876 
139263 
155649 
139268 
122887 
139275 
139278 
122894 
139283 
155669 
122901 
155673 
139290 
122906 
155677 
139293 
155681 
122913 
139298 
155685 
139303 
122920 
155689 
139308 
122925 
155695 
139313 
155698 
122932 
155701 
139320 
155707 
139323 
122939 
155708 
155711 
139328 
155714 
122949 
139335 
155720 
155721 
139338 
155724 
155727 
139343 
122960 
139348 
155733 
155734 
155737 
139353 
122970 
155740 
139358 
155746 
155747 
139365 
155750 
122982 
139368 
155753 
139373 
122989 
155758 
155759 
155762 
139380 
122996 
155766 
139383 
155769 
123001 
139388 
155773 
155776 
123008 
155777 
139393 
155780 
139398 
155783 
123015 
155784 
155787 
139403 
155788 
155791 
155794 
139410 
155797 
139413 
155798 
155801 
139418 
123035 
155804 
155805 
155808 
155809 
139425 
155812 
139428 
155815 
139433 
155818 
155819 
155822 
139438 
155825 
155826 
139443 
155829 
155830 
139448 
155833 
155836 
155839 
139455 
155840 
139458 
155843 
155846 
155847 
139463 
155850 
155851 
155854 
139470 
155857 
139473 
155860 
155861 
139478 
155864 
155867 
139483 
155868 
123100 
155871 
155872 
139488 
155875 
139493 
123109 
155878 
155881 
155882 
139500 
155885 
123118 
139503 
155888 
155889 
123123 
155892 
139508 
155893 
155896 
123128 
155899 
139515 
155902 
139518 
155903 
123137 
155906 
139523 
155909 
155910 
139528 
155913 
155914 
123146 
155917 
139533 
123151 
155920 
139538 
155923 
155924 
123156 
155927 
139545 
155930 
155931 
139548 
123165 
155934 
155935 
139553 
155938 
155941 
123174 
155944 
139560 
155945 
139563 
123179 
155948 
155951 
155952 
139568 
123184 
155955 
155956 
155957 
139573 
155961 
123193 
139578 
155964 
139583 
155968 
123202 
155971 
155972 
139590 
155975 
123207 
155978 
155979 
123212 
139597 
155982 
155983 
155986 
139602 
155989 
123221 
155992 
139608 
155993 
155996 
123230 
155999 
139615 
156000 
139618 
156003 
123235 
156004 
156007 
139623 
123240 
156010 
156013 
156014 
156017 
139633 
123249 
156020 
156021 
139638 
156024 
156025 
123258 
139643 
156028 
156031 
123263 
156034 
156035 
139651 
123268 
156038 
139654 
156041 
156042 
139659 
156045 
123277 
156046 
156049 
139666 
156052 
139669 
123286 
156055 
156056 
139674 
156059 
123291 
156062 
156063 
123296 
139681 
156066 
156067 
139684 
156070 
156073 
139689 
123305 
156076 
156077 
139694 
156080 
156083 
139699 
156084 
123316 
156087 
156088 
139704 
123321 
156091 
156094 
139711 
156097 
156098 
139714 
123330 
156101 
139719 
156104 
156105 
123337 
156108 
156109 
139726 
123342 
156112 
139729 
123345 
156115 
156118 
139734 
156119 
156122 
123354 
139739 
156125 
156126 
139744 
156129 
156130 
123363 
156133 
139749 
156136 
123368 
156139 
156140 
139756 
123373 
156143 
139759 
156146 
156147 
139764 
156150 
123382 
156151 
156152 
139771 
156156 
156159 
139775 
123391 
156163 
123396 
156166 
139782 
156167 
123401 
156170 
156173 
139789 
156174 
156177 
156178 
123410 
156181 
139799 
156184 
156187 
123419 
156188 
139806 
156191 
123424 
156194 
156195 
123429 
156198 
156199 
139815 
156202 
156205 
139822 
123438 
156208 
156209 
139825 
156212 
139830 
156215 
123447 
156216 
156219 
156220 
123452 
139838 
156223 
123457 
156226 
139843 
156229 
156230 
156233 
139849 
123466 
156236 
156237 
156240 
139856 
156241 
139859 
123475 
156244 
156247 
139864 
123480 
156250 
156251 
123485 
156254 
139871 
156257 
156258 
139874 
156261 
156262 
123494 
139879 
156265 
156268 
139884 
156271 
123503 
156272 
139889 
156275 
123508 
156278 
139894 
156279 
123513 
156282 
156283 
156286 
139902 
156289 
123522 
156292 
156293 
139909 
156296 
139912 
156299 
123531 
156300 
139917 
156303 
156304 
123536 
156307 
139924 
123541 
156310 
156313 
156314 
139931 
156317 
139934 
123550 
156320 
156321 
139939 
156324 
156325 
123559 
156328 
156331 
139948 
123564 
156334 
156335 
139953 
123569 
156338 
156341 
156342 
139958 
156345 
156346 
123578 
156347 
139963 
156351 
123585 
156354 
139971 
156358 
139974 
123590 
156361 
123593 
156362 
139979 
156365 
156368 
156369 
139986 
123602 
156372 
156373 
139989 
156376 
139994 
156379 
123611 
156382 
156383 
123616 
140001 
156386 
156389 
123621 
156390 
140006 
156393 
156394 
140012 
156397 
123630 
156400 
156403 
140019 
156404 
156407 
123639 
140025 
156410 
156411 
123644 
156414 
156415 
140032 
123649 
156418 
140035 
156421 
156424 
140040 
156425 
123658 
156428 
156431 
156432 
156435 
123667 
156436 
156439 
123672 
156442 
156445 
123677 
156446 
140062 
156449 
156452 
156453 
140069 
123686 
156456 
140072 
156457 
156460 
140077 
156463 
123695 
156466 
156467 
123700 
156470 
140088 
156473 
123705 
156474 
156477 
140093 
156478 
156481 
140098 
123714 
156484 
156487 
140103 
156488 
156491 
123723 
156494 
140110 
156495 
123728 
156498 
156499 
140117 
123733 
156502 
156505 
140121 
156508 
156509 
123742 
140127 
156512 
156515 
156516 
140134 
156519 
123751 
156520 
140137 
156523 
123756 
156526 
140142 
156529 
123761 
156530 
156533 
140151 
156536 
156537 
123770 
156540 
140156 
156541 
156542 
140161 
156546 
123779 
156549 
140166 
123784 
156553 
156556 
156557 
123789 
140174 
156560 
140177 
156563 
156564 
140182 
123798 
156567 
156568 
156571 
140189 
156574 
123807 
156577 
156578 
140196 
123812 
156581 
140199 
156584 
156585 
123817 
156588 
140204 
156591 
156594 
123826 
156596 
140212 
156599 
123833 
156603 
140220 
156606 
123838 
156607 
123841 
156610 
140227 
156614 
156615 
140232 
156618 
123850 
156621 
156622 
140239 
156625 
140243 
123859 
156628 
156629 
156632 
123864 
156633 
140250 
156636 
123869 
156639 
140255 
156642 
156643 
156646 
123878 
140263 
156649 
156650 
156653 
156654 
140271 
123887 
156657 
156660 
123892 
156663 
156664 
140282 
156667 
156670 
156671 
123903 
140289 
156674 
156675 
140292 
156678 
123912 
156681 
140297 
156684 
156685 
123917 
156688 
140304 
156691 
140307 
156692 
123926 
156695 
156696 
140312 
156697 
156701 
140317 
123935 
156704 
140322 
156708 
123941 
156711 
156712 
140330 
156715 
140333 
156718 
123950 
156719 
156722 
140338 
156723 
156726 
123959 
156729 
140345 
156732 
140348 
123964 
156735 
140353 
123969 
156738 
140360 
156745 
123978 
140363 
156750 
156751 
140368 
156754 
123987 
156757 
140373 
156760 
123992 
156761 
140378 
123997 
156766 
140383 
156772 
124006 
140391 
156779 
140398 
124015 
156784 
140401 
124020 
140406 
156792 
124025 
156795 
156796 
140413 
156799 
124034 
156804 
156805 
140421 
156808 
140426 
156811 
124043 
156814 
156815 
124048 
156818 
140436 
156821 
124053 
156822 
156825 
140441 
156826 
156829 
140446 
124062 
156832 
156835 
140451 
156836 
124069 
156839 
156842 
140458 
124074 
156843 
140461 
124077 
156846 
156847 
156850 
140466 
156853 
124086 
156856 
156857 
140473 
156860 
140476 
156863 
124095 
156864 
140481 
156867 
156868 
124100 
156869 
140486 
156873 
140491 
156876 
156880 
140496 
156883 
124115 
156885 
140503 
156888 
156889 
140506 
156892 
124124 
156893 
140511 
156896 
124133 
140518 
156904 
140521 
124138 
156909 
156910 
140526 
124143 
140531 
156916 
140536 
124152 
156925 
140544 
124161 
140547 
124166 
156936 
156937 
140555 
124171 
156940 
156941 
140558 
156944 
124180 
156949 
156950 
156953 
140570 
156956 
124189 
156959 
156960 
140577 
124194 
156963 
156966 
156967 
140584 
156970 
156971 
124205 
156974 
156977 
156980 
124212 
156981 
156984 
124217 
156987 
156988 
156991 
156992 
124226 
156995 
140612 
156998 
157001 
157002 
124235 
157005 
157008 
124240 
157009 
157012 
157013 
157014 
157018 
157023 
124255 
157026 
157028 
124260 
157031 
157033 
157034 
124269 
157042 
140660 
157046 
124278 
157049 
157050 
124283 
140668 
157053 
157056 
124288 
157061 
157062 
140679 
157065 
124297 
157068 
157071 
157072 
140688 
124306 
157075 
157078 
157079 
124311 
140697 
157084 
157085 
157088 
140706 
157091 
124324 
157094 
157095 
157098 
140715 
157101 
124333 
157102 
124338 
157107 
157108 
140724 
157111 
157114 
124348 
157117 
140733 
157118 
157121 
157124 
157125 
140742 
124358 
157130 
157131 
157132 
140751 
157136 
124370 
157144 
140760 
124379 
140769 
124388 
157158 
157161 
124393 
140778 
157166 
124400 
157169 
140787 
157172 
157177 
157180 
140796 
157185 
140805 
124421 
157190 
157191 
157194 
124428 
140814 
157199 
157202 
124435 
157205 
140823 
157210 
124444 
157213 
140832 
157218 
124451 
157223 
157224 
140841 
157227 
124460 
157232 
140850 
157235 
124469 
157238 
157243 
140859 
124476 
157246 
124481 
157251 
140868 
157256 
157257 
124490 
157260 
140877 
157265 
124497 
157268 
140886 
157271 
124504 
157276 
157279 
140895 
124513 
157284 
140904 
124520 
157289 
157290 
157293 
124527 
140913 
157298 
157301 
157304 
124536 
140922 
157309 
124543 
157312 
140931 
157317 
124550 
157322 
157323 
140940 
157326 
124559 
157331 
140949 
157334 
124566 
157337 
124573 
157342 
140958 
157345 
157350 
124582 
140967 
157355 
157356 
124589 
157359 
140976 
157364 
124596 
157367 
140985 
157370 
124605 
157375 
157378 
140994 
124612 
157383 
141003 
124619 
157388 
157389 
157392 
141012 
124628 
157397 
157400 
157403 
124635 
141021 
157408 
124642 
157411 
157414 
141030 
157419 
124651 
157422 
141039 
124658 
157427 
141048 
157435 
124669 
157440 
141057 
124676 
157445 
157446 
157449 
141066 
124683 
157454 
157457 
141075 
157460 
124692 
157465 
124699 
157468 
141084 
124704 
157473 
141093 
157478 
157479 
124713 
157482 
141102 
157487 
157490 
124722 
157493 
141111 
157498 
157501 
124734 
157506 
141126 
157511 
157512 
124746 
157515 
141135 
157520 
157523 
124756 
157526 
141144 
157531 
124765 
157534 
141153 
157539 
124774 
157544 
157545 
141162 
157548 
157553 
141171 
157556 
124788 
157559 
157564 
141180 
124797 
157567 
157572 
124804 
141189 
157577 
157578 
157581 
141198 
124815 
157586 
157589 
124822 
141207 
157592 
157597 
124829 
157600 
141216 
157605 
124838 
157610 
157611 
157614 
157619 
124852 
157622 
141239 
157625 
124859 
141244 
157630 
157633 
141249 
124868 
157638 
141254 
157643 
141259 
124875 
157644 
157647 
141264 
124882 
157652 
141269 
157655 
157658 
141274 
124891 
157663 
141279 
157666 
124898 
141284 
157671 
141289 
124905 
157676 
157677 
141294 
157680 
124914 
141299 
157685 
157688 
141304 
124921 
157691 
141309 
157696 
124928 
141314 
157699 
157702 
141319 
124937 
157707 
157708 
141324 
157711 
124944 
141329 
157716 
141334 
124951 
141339 
157724 
141344 
124960 
157729 
141349 
157734 
157735 
124967 
157738 
141354 
124974 
157743 
141359 
157746 
141364 
157749 
141369 
157754 
124988 
157757 
141374 
157762 
141379 
124997 
157767 
157768 
141384 
157771 
141389 
157776 
141394 
157779 
125011 
157782 
141399 
125018 
157787 
141404 
157790 
141409 
125025 
157795 
141414 
157800 
157801 
141419 
157804 
125039 
141424 
157809 
157812 
125044 
141429 
157815 
141434 
157820 
125053 
157823 
141439 
157828 
141444 
125060 
157833 
141449 
157834 
125067 
157837 
141454 
157842 
141459 
125076 
157845 
157848 
141464 
125083 
157853 
141469 
157856 
141474 
125090 
157861 
141479 
157866 
157867 
125099 
141484 
157870 
141489 
125106 
157875 
157878 
141494 
157881 
125113 
141499 
157886 
141504 
157889 
125122 
141509 
157894 
125129 
141514 
157899 
157900 
157903 
125136 
157908 
141526 
157911 
125145 
157914 
141531 
157919 
141536 
125152 
157922 
141541 
157927 
125159 
141546 
157932 
157933 
157936 
125168 
141553 
157941 
141558 
125175 
157944 
157947 
141563 
125182 
157952 
141568 
157955 
141573 
157960 
125193 
141579 
157965 
157966 
141584 
125200 
157969 
141589 
157974 
157977 
141594 
157980 
157985 
125217 
157988 
141604 
157991 
125224 
141611 
157996 
157997 
125231 
158000 
141620 
158005 
125240 
158013 
141629 
125247 
158018 
125252 
141638 
158023 
158024 
158027 
125261 
141647 
158032 
158035 
125268 
158038 
141656 
158043 
125275 
158046 
141665 
158051 
125284 
158056 
158057 
141674 
125291 
158060 
158065 
125298 
141683 
158068 
158071 
125307 
158076 
141692 
158079 
125314 
141699 
158084 
158089 
125321 
158090 
141708 
158093 
158098 
125330 
158101 
141717 
158104 
125339 
158109 
141726 
158112 
125348 
158117 
141735 
158122 
158123 
158126 
125359 
141744 
158131 
158134 
125368 
158137 
141753 
158142 
125375 
158145 
141762 
158150 
125382 
158155 
141771 
158156 
158159 
125391 
158164 
141780 
125398 
158167 
158170 
141787 
125405 
158175 
158178 
141796 
158183 
158188 
158189 
141805 
158192 
125426 
158197 
141814 
158200 
125433 
158203 
141823 
158208 
125440 
158211 
158216 
141832 
158221 
158222 
125454 
158225 
141841 
158230 
125463 
158233 
141850 
158236 
125470 
158241 
141859 
158244 
125477 
158249 
141868 
158254 
158255 
125489 
158258 
141875 
158263 
158266 
125498 
141884 
158269 
158274 
125508 
158277 
141893 
158280 
158285 
158286 
141902 
158289 
125521 
158294 
141911 
125528 
158302 
141920 
125537 
158307 
158312 
158313 
141929 
158316 
125551 
158321 
141938 
158324 
125558 
158327 
141947 
158332 
125565 
158335 
158340 
141956 
158345 
125577 
158346 
141963 
158349 
158354 
125586 
141972 
158357 
158360 
158365 
141981 
125598 
158368 
158373 
141990 
158378 
158379 
125611 
158382 
141999 
158387 
158390 
125622 
142008 
158393 
158398 
125631 
158401 
142017 
158406 
125638 
142026 
158411 
158412 
158415 
125649 
142035 
158420 
158423 
125656 
158426 
142044 
158431 
125663 
158434 
142051 
158439 
125672 
158444 
142060 
158445 
125679 
158448 
125684 
158453 
158456 
158459 
142075 
158464 
125696 
158467 
142084 
158472 
125707 
158477 
142093 
158478 
158481 
125716 
158486 
142102 
158489 
158492 
125725 
142111 
158497 
158500 
125732 
142118 
158505 
125739 
158510 
158511 
158514 
142131 
125748 
158519 
158522 
125755 
142140 
158525 
158530 
158533 
142149 
125766 
158538 
125773 
142158 
158543 
158544 
158547 
142167 
158552 
125784 
158555 
158558 
142174 
125791 
158563 
158566 
125800 
158569 
142187 
158574 
158575 
125807 
158578 
142196 
158583 
142205 
158591 
158596 
125828 
142214 
158601 
158602 
158605 
142221 
125841 
158610 
158613 
142230 
158616 
125852 
158621 
142239 
158624 
158629 
142248 
158634 
158635 
158638 
125872 
142257 
158643 
158646 
142266 
158653 
158656 
125888 
142275 
158661 
158666 
158672 
142290 
125906 
158675 
158680 
158683 
142299 
125916 
158686 
142304 
125921 
158691 
158694 
125926 
142313 
158699 
142318 
158704 
158705 
125939 
158708 
142327 
158713 
125946 
158716 
142332 
158719 
125955 
158724 
142341 
158727 
142346 
125962 
158732 
125967 
158737 
158738 
125970 
142355 
125971 
158741 
142360 
158746 
125978 
158749 
125983 
158752 
125984 
142369 
125987 
158757 
142374 
158760 
125992 
158765 
142383 
126001 
158770 
158771 
142388 
126004 
158774 
158779 
142397 
158782 
126014 
158785 
142402 
158790 
126022 
158793 
142411 
158798 
142416 
158803 
158804 
126037 
158807 
142423 
158812 
142428 
126046 
158815 
126049 
158818 
126052 
142437 
158823 
158826 
142442 
126059 
158829 
142447 
126064 
158834 
158835 
126067 
126068 
158838 
142456 
158843 
126075 
142461 
126080 
126081 
142466 
158851 
126084 
158856 
126089 
142475 
158861 
158862 
142480 
126098 
142485 
126101 
126104 
158873 
158874 
142494 
126111 
158880 
142499 
126116 
158885 
126119 
142504 
126120 
158890 
126127 
158897 
142513 
126132 
126133 
142518 
126136 
142523 
126141 
158911 
158914 
142532 
126150 
158919 
142537 
126153 
158922 
158925 
126157 
142542 
158930 
126164 
158933 
142551 
126169 
158938 
126170 
142556 
158943 
158944 
142561 
158947 
126182 
158952 
142570 
158955 
158958 
126190 
142575 
158963 
126195 
142580 
158966 
126198 
158971 
126204 
142589 
158976 
158977 
142594 
126211 
158980 
142599 
126216 
158985 
126219 
158988 
126220 
142606 
158991 
142611 
158996 
158999 
126231 
126232 
126235 
159004 
142620 
126240 
159009 
142625 
159010 
159013 
142630 
126249 
159018 
126252 
159021 
142639 
159024 
126258 
142644 
159029 
126263 
159032 
142649 
159035 
159040 
126272 
159041 
142658 
159044 
142663 
159049 
126282 
142668 
126284 
159058 
126291 
142677 
126296 
126297 
142682 
126300 
159069 
142687 
159074 
126309 
159079 
142696 
159084 
142701 
159089 
142706 
126323 
159092 
159095 
159096 
126330 
159099 
142715 
126335 
159104 
142720 
126336 
126339 
142725 
159112 
126346 
159117 
142734 
126351 
126352 
159122 
159123 
142739 
126355 
159126 
142744 
126360 
159131 
159134 
159137 
142753 
126369 
126372 
159142 
142758 
126375 
159145 
142763 
159150 
126382 
159155 
126387 
159156 
142772 
126388 
159159 
126391 
142777 
159164 
142782 
126398 
159167 
159170 
126403 
126404 
142789 
159175 
126407 
159178 
142794 
126412 
159183 
142803 
159188 
159189 
126421 
159192 
142808 
126424 
126427 
159197 
142813 
159200 
126434 
159203 
142822 
126439 
159208 
126440 
142827 
126443 
142832 
159218 
126450 
126455 
126456 
159225 
142841 
126459 
159229 
159230 
142846 
126464 
142851 
159238 
126473 
159243 
142860 
126476 
159246 
126479 
142865 
159251 
142870 
126486 
159257 
126491 
159260 
126492 
142879 
126495 
159265 
142884 
126502 
159272 
142889 
159275 
126507 
126508 
126511 
159280 
142898 
126516 
142903 
142908 
126525 
126528 
142917 
126534 
159304 
142922 
126539 
126542 
142927 
126549 
142936 
126554 
126555 
142941 
159326 
159329 
142946 
126563 
159332 
159335 
126568 
159337 
142955 
159340 
142960 
126577 
159346 
126580 
142965 
126586 
159355 
142972 
159358 
126591 
159361 
142977 
126600 
159369 
142986 
159373 
142991 
159377 
159378 
126610 
142996 
126612 
159386 
126619 
159389 
143005 
126624 
126625 
159394 
143010 
126628 
159398 
143015 
159403 
126637 
143024 
143029 
126645 
143034 
126650 
159419 
159424 
126658 
143043 
159430 
126663 
143048 
143053 
159440 
126672 
126675 
143062 
126678 
159447 
143067 
159452 
126685 
143072 
159458 
126690 
126691 
126694 
143081 
159468 
126701 
143086 
126706 
159475 
143091 
126707 
126710 
159480 
126715 
143100 
159486 
143105 
126724 
143110 
126727 
159496 
126730 
159503 
143119 
126737 
159508 
143124 
126742 
126743 
143129 
159514 
126746 
126753 
143138 
159524 
126758 
143143 
126759 
126762 
159531 
143148 
126767 
159536 
143155 
159542 
143160 
126776 
126779 
126782 
159552 
143169 
126789 
143174 
159559 
126794 
143179 
126795 
159564 
126798 
159570 
143188 
126805 
143193 
126810 
126811 
159580 
126814 
143200 
159587 
126819 
143205 
159592 
143210 
126828 
159598 
126831 
126834 
143221 
159608 
126841 
143226 
126846 
159615 
143231 
126847 
126850 
159620 
143240 
126857 
159626 
143245 
126862 
126863 
143250 
126866 
159636 
126871 
159640 
143259 
159647 
143264 
126880 
126883 
159652 
159653 
143269 
159656 
126888 
143278 
159663 
126895 
143283 
159668 
126900 
126901 
159671 
159672 
143288 
159677 
126910 
143295 
126915 
143300 
159686 
159689 
126921 
159692 
143309 
143314 
126930 
159699 
159704 
159705 
126937 
159708 
143326 
126942 
159715 
143333 
126951 
159720 
159721 
159724 
143342 
159729 
126961 
126963 
143349 
159738 
126970 
143356 
159741 
126975 
159744 
126976 
126979 
143365 
159751 
143370 
159756 
126988 
159757 
143375 
126991 
159760 
126998 
159767 
143384 
127003 
159772 
127004 
159773 
143389 
159776 
143394 
127012 
159781 
127017 
143403 
159790 
143408 
159793 
127026 
159796 
143413 
127029 
127032 
159803 
143420 
127039 
159808 
159809 
143425 
159812 
127044 
127045 
127048 
159819 
143437 
127055 
159824 
159825 
159828 
127060 
127061 
143446 
127064 
159833 
143451 
127069 
159842 
143460 
159845 
127078 
159848 
143465 
127081 
127084 
143470 
159855 
127091 
159860 
159861 
143479 
159864 
127096 
127097 
143484 
127100 
159871 
143489 
127107 
159876 
159877 
159880 
127112 
127113 
143498 
127116 
159885 
143503 
127121 
143508 
159894 
159897 
127130 
143515 
159900 
127133 
127136 
159907 
127143 
159912 
159913 
143530 
159916 
127148 
127149 
127152 
143538 
159923 
127159 
159928 
159929 
143547 
159932 
127164 
127165 
143552 
127168 
159937 
143557 
127173 
159946 
159949 
143566 
127182 
159952 
127185 
143571 
127188 
159959 
143576 
127195 
159964 
159965 
159968 
127200 
143585 
127201 
127204 
143590 
159975 
143595 
127211 
159980 
159981 
159984 
127216 
127217 
143602 
127220 
159989 
143607 
127225 
159998 
143616 
160001 
127234 
160004 
143621 
127237 
143626 
127242 
160011 
160016 
160017 
127249 
143635 
160020 
127254 
127255 
143640 
160027 
143645 
160032 
127264 
160033 
160036 
127269 
143654 
160041 
143659 
127275 
143664 
160050 
127284 
160053 
160056 
143673 
127291 
143678 
160063 
127296 
143683 
160068 
160069 
160072 
127305 
143692 
160079 
143697 
127315 
160084 
160085 
127317 
143702 
160088 
127324 
160093 
143711 
127329 
127330 
143716 
127333 
160102 
160105 
143721 
160109 
127342 
127345 
143730 
160116 
143735 
127352 
160121 
160122 
143740 
160125 
127357 
127358 
160132 
143749 
127366 
160137 
143754 
127371 
160140 
160141 
143759 
160146 
127380 
143766 
127383 
127386 
160155 
143771 
160158 
160161 
127393 
143780 
127398 
127399 
160168 
143785 
127402 
160173 
160174 
143790 
160177 
127409 
127414 
143799 
127415 
160184 
127418 
143804 
160189 
160190 
127423 
160193 
143809 
160198 
127432 
143818 
127435 
127438 
160207 
143823 
160210 
143828 
160213 
127445 
127450 
127451 
160220 
143837 
127454 
160225 
160226 
143842 
160229 
127461 
143847 
127466 
127467 
160236 
127470 
143856 
160241 
160242 
127475 
160245 
143861 
160250 
143866 
127484 
127487 
127490 
160259 
143875 
160262 
143880 
160265 
127497 
143885 
127502 
127503 
160272 
127506 
160277 
160278 
143894 
160281 
127513 
143899 
127518 
127519 
160288 
143904 
127522 
160293 
160294 
127527 
160297 
143913 
160302 
143918 
127536 
143923 
127539 
127542 
160311 
160314 
143930 
160317 
127549 
143935 
127554 
127555 
160324 
127558 
143944 
160329 
160330 
160333 
143949 
127565 
143954 
127570 
127571 
160340 
127574 
160345 
160346 
143963 
127579 
160349 
143968 
160354 
127588 
143973 
127591 
160363 
160366 
143982 
127599 
160369 
143987 
127606 
160376 
143992 
127611 
127612 
160381 
160382 
127615 
160385 
144001 
144006 
160392 
127624 
144011 
160397 
160398 
127631 
160401 
144020 
127636 
160406 
144025 
144030 
160415 
127647 
160418 
160421 
144039 
127656 
127659 
160428 
144044 
160433 
144049 
127665 
160434 
160437 
127670 
144058 
160444 
144063 
127679 
160449 
160450 
144068 
160453 
127689 
160458 
127691 
144077 
144082 
127698 
160467 
160470 
144087 
127703 
127704 
160473 
127707 
144094 
160480 
144099 
160485 
160486 
127718 
160489 
144108 
127726 
160496 
144113 
127731 
127732 
160501 
160502 
144118 
160505 
127740 
160510 
144127 
127745 
144132 
160519 
127752 
144137 
160522 
160525 
127757 
127758 
144146 
127763 
160532 
144151 
160537 
160538 
127770 
144156 
160541 
127775 
127776 
160548 
144165 
160553 
160554 
144170 
160557 
127790 
144175 
127793 
160562 
144184 
127800 
160571 
144189 
127805 
160574 
127806 
127809 
160578 
144194 
127816 
160585 
144203 
127821 
160590 
127822 
160591 
144208 
127825 
160594 
144213 
127830 
160601 
160606 
144222 
127839 
160609 
160610 
127842 
144227 
127845 
160615 
144232 
127855 
160624 
144241 
127857 
160627 
160630 
144246 
127864 
144251 
160637 
127869 
127870 
127873 
160642 
144258 
160643 
160646 
144263 
127882 
160653 
127885 
144272 
160658 
160659 
127892 
144277 
160662 
127897 
144282 
127898 
160667 
127906 
144291 
160676 
160679 
127911 
144296 
160682 
144301 
127920 
160689 
127923 
160694 
144310 
160695 
127929 
160698 
144315 
127934 
144320 
160705 
160710 
160711 
127943 
144329 
160714 
144334 
127950 
160719 
144339 
127955 
127957 
160728 
160731 
144348 
127964 
160734 
144353 
127969 
127970 
160741 
144358 
127976 
160746 
160747 
160750 
144367 
127985 
144372 
160757 
144377 
160762 
160763 
160766 
127999 
144386 
160771 
128006 
144391 
128011 
160780 
144396 
128012 
160783 
160786 
144405 
128021 
160793 
144410 
128026 
160798 
160799 
144415 
160802 
128035 
144422 
128038 
160809 
144427 
160814 
160815 
128048 
128049 
160818 
144436 
160823 
128056 
144441 
128061 
160832 
128064 
160835 
144452 
160838 
128071 
144460 
128076 
160845 
128077 
160850 
160851 
144469 
160854 
128086 
128091 
160861 
144478 
160866 
160867 
128100 
160870 
144487 
128103 
160875 
144492 
128109 
144497 
128114 
160884 
160887 
160890 
144506 
128125 
144511 
160897 
144516 
128132 
160902 
160903 
128137 
160906 
128138 
144525 
128143 
160913 
144530 
160918 
160919 
144535 
128152 
160922 
128155 
160927 
144544 
144549 
160936 
144554 
128170 
160939 
160942 
144561 
128178 
160949 
128181 
144566 
160954 
160955 
160958 
144577 
128195 
160965 
128201 
160970 
144586 
160971 
160974 
128206 
144591 
160979 
144600 
128219 
160988 
144605 
160991 
160994 
144610 
128232 
161001 
144619 
161006 
161007 
128239 
144624 
161010 
128244 
144629 
128245 
128248 
161017 
161022 
144638 
161023 
128255 
161026 
144643 
128260 
128261 
161031 
144648 
128264 
128269 
161040 
144657 
161043 
144662 
128278 
161047 
128281 
144667 
161054 
128287 
144674 
161059 
161060 
128292 
161063 
144679 
144684 
128301 
161070 
161075 
144693 
161078 
161079 
128313 
144698 
128314 
161084 
144703 
128323 
161093 
161096 
144712 
128328 
161099 
144717 
128334 
161106 
144722 
161111 
161112 
161115 
144731 
128348 
128349 
144736 
161122 
128356 
144741 
161127 
161128 
128361 
128362 
161131 
161136 
144752 
128371 
144757 
128376 
161145 
144762 
161148 
161151 
128385 
128388 
161158 
128391 
161163 
161164 
144780 
128398 
161167 
144785 
128403 
128404 
161174 
128407 
161179 
161180 
128414 
161183 
144799 
161188 
144804 
128421 
128422 
144811 
128427 
161197 
161200 
128432 
161203 
144820 
128441 
161210 
144828 
128444 
161215 
128447 
161216 
161219 
128454 
161226 
128459 
128460 
161231 
128463 
161232 
161235 
128470 
161240 
128477 
128478 
161249 
128483 
161252 
161255 
128488 
161262 
144879 
128497 
161267 
161268 
144884 
128500 
161271 
144889 
128506 
161278 
128513 
144898 
161283 
161284 
128517 
161287 
144903 
128522 
161292 
144908 
128532 
161301 
144917 
161304 
144922 
161307 
144927 
128543 
161314 
128549 
161319 
161320 
144936 
161323 
144941 
128557 
161330 
144946 
128566 
161335 
161336 
161339 
144955 
161344 
144960 
128576 
144965 
161353 
161356 
144974 
161359 
128593 
144979 
161366 
144984 
161371 
128603 
161372 
161375 
144993 
161382 
144998 
128617 
161387 
145003 
161388 
161391 
128627 
161396 
145012 
145017 
161405 
128637 
145022 
161408 
161411 
145031 
128647 
161418 
145036 
161423 
161424 
145041 
128657 
161427 
161434 
145050 
128667 
161439 
145055 
161440 
161443 
145060 
161448 
145065 
128681 
128686 
161457 
145074 
161460 
128693 
161463 
145079 
145084 
128701 
161470 
161475 
161476 
145093 
128709 
161479 
145098 
128714 
161486 
145103 
128721 
161491 
161492 
161495 
145112 
128729 
161500 
145117 
128737 
145122 
161509 
128742 
161512 
145131 
161516 
128749 
145136 
161523 
145141 
128757 
161528 
161529 
161532 
128765 
145150 
128770 
161539 
145155 
161544 
145160 
128777 
161547 
161548 
161553 
145169 
128785 
145174 
128793 
161562 
145179 
161565 
128798 
161568 
145188 
128805 
161575 
145193 
161580 
161581 
128813 
145198 
161584 
128821 
161591 
145207 
128826 
161596 
145212 
161597 
161600 
128832 
145217 
161605 
145226 
128842 
161614 
145231 
161617 
128850 
161620 
145236 
145241 
128857 
161627 
161632 
128864 
161633 
145250 
128867 
161636 
145255 
128872 
161643 
145260 
128879 
161648 
161649 
128882 
161652 
145269 
128887 
161657 
145274 
128892 
145279 
128897 
161666 
161669 
128902 
161672 
145288 
145293 
128909 
161679 
128912 
145298 
161684 
161685 
128917 
161688 
145307 
128924 
128927 
145312 
161698 
161700 
128932 
145317 
128937 
161709 
145326 
128942 
161712 
145331 
128947 
161719 
145336 
128954 
161724 
161725 
128957 
161728 
145345 
128962 
145350 
128969 
161738 
145355 
161740 
128972 
128977 
145364 
128982 
161751 
145369 
161754 
128987 
145374 
128992 
161761 
161766 
161767 
145383 
128999 
161770 
129002 
145388 
129007 
161777 
145393 
161782 
129014 
161783 
129017 
161786 
145402 
129022 
161791 
145407 
129027 
145412 
161800 
129032 
145417 
161803 
129037 
161806 
145426 
129044 
161813 
145431 
129047 
161818 
161819 
145436 
129052 
161822 
129059 
161829 
145445 
129062 
161834 
145450 
161835 
129067 
161838 
145455 
129072 
161843 
129077 
145464 
129082 
161852 
145469 
161855 
129089 
161858 
145474 
129092 
161865 
129097 
145483 
161870 
161871 
145488 
129104 
161874 
129107 
145493 
129112 
161881 
129117 
161886 
145502 
161887 
161890 
129122 
145507 
161895 
129127 
145512 
129134 
161904 
145521 
129137 
161907 
161910 
145526 
129142 
145531 
161917 
129149 
129152 
161922 
161923 
145540 
129157 
161926 
145545 
129162 
161933 
145550 
129167 
161938 
161939 
129172 
161942 
145559 
161947 
129179 
145564 
129182 
145569 
129187 
112803 
161956 
161959 
145578 
129194 
161963 
129197 
145583 
161970 
129202 
112819 
145588 
161975 
129207 
161976 
145593 
161979 
129212 
112830 
129217 
161986 
145602 
161991 
145607 
112839 
129224 
161994 
161995 
129227 
145612 
162000 
129232 
112848 
145621 
129239 
162009 
112857 
145626 
129242 
162012 
162015 
129247 
112866 
129252 
145637 
162022 
129255 
162027 
112875 
162028 
145645 
162031 
129265 
112884 
162038 
145654 
129273 
162043 
162044 
112893 
162047 
145663 
129280 
162052 
112902 
129287 
145672 
129290 
162061 
145677 
129295 
112911 
162064 
145682 
129302 
112920 
129305 
162074 
145691 
129310 
162079 
145696 
112929 
129315 
162084 
162085 
145701 
129320 
112938 
162092 
129325 
145710 
162097 
162098 
145715 
112947 
129332 
129335 
145720 
162105 
129340 
112956 
145729 
162114 
129347 
112965 
162118 
145734 
129350 
145739 
129355 
162125 
112974 
145744 
129360 
162130 
162131 
129365 
162134 
112983 
145753 
129370 
162141 
145758 
112992 
129377 
162146 
162147 
145763 
129380 
162150 
129385 
113001 
162155 
145776 
129392 
113010 
129395 
162164 
162167 
129400 
145785 
162170 
113019 
129405 
145790 
162177 
129410 
145795 
113028 
162182 
162183 
129415 
162186 
145804 
113037 
129422 
162193 
145809 
129425 
162198 
145814 
129430 
113046 
162199 
162202 
129437 
162207 
145823 
113055 
129440 
145828 
129445 
162216 
113064 
145833 
129450 
162219 
162222 
129455 
113073 
145842 
129460 
162229 
145847 
162234 
113082 
162235 
129467 
145852 
162238 
129470 
145857 
129475 
113091 
162245 
162250 
145866 
129482 
162251 
113100 
129485 
162254 
145871 
129490 
162259 
113109 
129495 
145880 
162268 
129500 
113118 
162271 
145888 
129505 
162275 
113127 
129512 
145897 
162282 
129515 
145902 
162287 
162288 
129520 
113136 
162291 
145907 
129527 
113145 
162298 
129530 
145916 
162303 
129535 
145921 
162306 
113154 
162307 
129540 
145926 
162312 
129545 
113163 
129550 
145935 
162321 
162324 
145940 
113172 
129557 
162327 
129560 
145945 
129565 
113181 
162334 
145950 
162339 
162340 
129572 
113190 
162343 
129575 
145962 
129580 
162350 
145967 
113199 
129585 
162355 
162356 
129590 
162359 
113208 
145978 
129595 
162364 
145983 
113217 
129602 
162373 
129605 
145990 
162376 
129610 
113226 
162383 
145999 
129617 
113235 
146004 
129620 
162389 
146009 
129625 
162396 
113244 
129630 
146018 
129635 
162405 
113253 
146023 
129640 
146028 
113262 
129647 
162418 
129650 
146037 
129655 
113271 
162425 
146042 
162430 
129662 
162431 
146047 
113280 
129665 
162434 
146054 
129670 
162441 
113289 
146059 
129675 
162446 
129678 
162447 
146064 
162450 
113298 
162455 
129688 
146076 
113311 
162464 
129696 
146082 
162467 
162470 
129703 
113320 
146091 
162477 
129710 
129713 
113329 
162482 
146098 
162483 
162486 
129718 
146103 
146106 
113338 
162493 
129725 
129728 
162498 
162499 
146115 
129733 
162502 
146122 
129738 
162507 
146127 
129743 
113359 
146130 
162516 
129748 
162519 
113368 
162522 
146139 
129755 
129758 
162529 
113377 
146146 
129763 
162534 
162535 
146151 
162538 
146154 
129770 
129773 
113390 
162545 
129778 
146163 
162550 
162551 
129783 
162554 
146170 
113402 
129788 
162559 
146175 
129793 
113409 
146178 
162568 
129800 
113416 
162571 
146187 
129803 
162575 
113423 
129808 
146194 
162582 
113430 
146199 
129815 
146202 
129818 
162587 
162588 
113437 
162591 
129823 
146211 
129828 
113444 
162598 
129833 
146218 
162603 
113451 
162606 
129838 
162607 
146223 
146226 
162612 
113460 
129845 
129848 
146235 
162621 
129853 
113469 
162624 
146242 
162627 
129860 
113478 
146247 
129863 
162634 
146250 
129868 
162639 
113487 
162640 
129873 
162643 
146259 
129878 
113496 
162650 
146266 
129883 
162655 
146271 
162656 
113505 
129890 
162659 
129893 
146278 
162664 
129898 
113514 
146285 
162673 
129905 
146290 
113523 
162676 
129908 
129913 
146299 
162684 
113532 
129918 
162689 
129923 
146308 
113541 
129928 
146313 
162702 
146318 
113550 
129935 
129938 
162709 
146327 
129943 
113559 
162714 
162715 
162718 
129950 
146336 
113568 
129953 
162725 
146341 
129958 
113577 
162730 
146346 
162731 
129963 
162734 
129968 
113586 
162739 
146355 
129973 
113595 
162748 
146364 
129980 
162751 
129983 
146369 
162754 
129988 
113604 
146374 
162761 
129995 
113613 
162766 
129998 
162767 
146383 
162770 
130003 
113622 
146392 
130008 
162777 
146397 
130013 
162782 
162783 
113631 
162786 
146402 
130018 
162791 
113640 
130025 
146411 
130028 
162800 
130033 
113649 
162803 
146420 
162806 
130040 
146425 
113658 
130043 
162813 
146430 
130048 
162818 
162819 
113667 
130053 
162822 
146439 
130058 
113676 
162829 
130063 
146448 
162834 
162835 
146453 
113685 
162838 
130070 
130073 
146458 
162843 
130078 
113694 
146467 
162852 
130085 
162855 
113703 
130088 
146476 
162861 
130093 
113712 
146481 
130098 
162868 
130101 
146486 
113721 
146495 
130111 
162880 
113730 
162883 
162886 
162887 
130119 
146504 
113739 
146509 
130126 
162896 
113748 
162901 
130133 
146518 
130136 
162907 
130141 
113757 
162912 
146528 
162916 
130148 
146533 
113766 
130151 
162921 
130156 
162925 
146542 
113775 
130161 
162930 
162934 
130166 
146551 
113784 
130171 
146556 
162941 
146561 
113793 
162946 
130178 
130181 
162951 
146570 
130186 
113802 
162955 
130193 
146579 
113811 
162964 
130196 
146584 
130201 
162970 
146589 
130206 
113822 
130211 
162980 
146598 
113831 
130216 
146607 
130223 
113840 
162993 
130226 
146612 
130231 
146617 
113849 
130238 
130241 
146626 
130246 
146635 
130251 
113868 
146640 
130256 
146645 
130261 
113877 
163031 
163034 
163035 
130268 
163038 
146654 
113886 
130271 
163041 
163042 
130276 
163045 
163046 
146663 
163049 
130283 
113899 
163052 
146668 
130286 
163055 
163056 
146673 
163059 
130291 
113908 
163062 
163063 
130296 
163066 
146682 
163067 
130301 
113917 
163070 
163073 
130306 
146691 
163076 
163077 
113926 
163080 
146696 
130313 
163083 
163084 
130316 
146701 
163087 
163088 
130321 
163091 
113939 
163094 
146710 
130328 
163097 
163098 
130331 
163101 
146719 
163104 
130336 
163105 
113954 
163108 
146724 
163109 
130341 
163112 
146729 
130346 
163115 
113963 
163118 
163119 
130351 
163122 
146738 
163125 
163126 
130358 
113974 
163129 
130361 
163130 
146747 
163133 
113981 
130366 
163136 
146752 
163139 
163140 
130373 
113990 
163143 
130376 
146761 
163146 
163147 
130381 
163150 
163151 
113999 
163154 
130386 
146771 
163157 
130391 
163160 
146776 
114008 
163161 
163164 
130396 
163167 
163168 
146785 
114017 
163171 
130403 
163172 
130406 
163175 
163178 
146794 
114026 
130411 
163181 
163182 
146799 
163185 
130418 
114035 
163188 
146804 
163189 
130421 
163192 
163193 
130426 
163196 
114044 
146813 
163199 
130431 
163202 
163203 
130436 
114053 
163206 
146822 
163209 
130441 
163210 
146827 
163213 
163214 
114062 
146832 
130448 
163217 
130451 
163220 
114069 
163223 
163224 
130456 
146841 
163227 
163228 
130463 
163232 
163233 
146850 
130466 
163236 
163239 
146855 
130471 
163242 
163243 
146860 
130476 
163246 
114094 
163247 
130481 
163250 
163253 
146869 
130486 
114103 
163256 
163257 
163261 
130493 
163262 
146878 
130496 
163265 
146883 
163268 
114116 
130501 
163271 
163272 
146888 
163276 
130508 
163277 
114125 
130511 
163280 
146897 
163283 
130516 
163286 
114134 
163287 
130521 
146906 
163291 
163292 
130524 
163295 
146911 
114143 
163298 
146916 
163301 
163302 
130534 
114152 
163305 
163306 
163309 
146925 
130542 
163312 
163315 
163316 
130549 
146934 
163319 
114167 
163320 
163323 
146939 
130556 
163326 
130559 
146944 
163330 
163331 
114179 
130564 
163334 
163335 
146953 
163338 
130571 
114188 
163341 
130574 
163344 
146962 
163347 
130579 
163348 
114197 
163351 
146967 
130584 
163354 
163355 
146972 
130589 
163358 
114206 
163359 
163362 
130594 
163365 
146981 
114215 
163368 
130601 
163370 
163371 
130604 
163374 
146990 
163375 
114224 
130609 
163378 
146995 
163381 
163384 
130616 
114233 
163387 
130619 
163388 
147004 
163391 
130624 
163394 
114242 
163395 
163398 
147014 
163399 
163402 
147019 
114251 
163405 
130638 
163408 
163409 
130641 
114258 
163412 
147028 
163415 
163416 
163419 
114267 
163420 
147037 
163423 
130655 
163426 
147042 
114276 
163429 
163430 
147047 
163433 
130665 
163436 
130668 
163437 
114285 
163440 
147056 
163441 
163444 
130678 
114294 
163447 
147065 
163450 
163451 
130683 
163454 
147070 
114303 
163457 
163458 
130690 
147075 
163461 
163462 
130695 
114312 
163465 
163468 
147084 
130701 
163471 
163472 
163475 
114323 
130708 
147093 
163478 
163479 
130711 
163482 
147098 
163483 
163486 
147103 
114335 
163489 
163492 
163493 
130726 
163496 
147112 
163499 
130731 
163500 
163503 
163504 
130736 
147121 
114354 
163507 
130741 
163510 
147126 
163511 
163514 
163515 
147131 
130748 
163518 
130751 
114367 
163521 
163524 
147140 
130756 
163527 
163528 
163531 
130763 
147149 
163534 
130766 
163535 
163538 
147154 
163539 
130771 
114388 
163542 
147159 
130776 
163545 
163548 
163549 
130781 
114397 
163552 
147168 
163553 
130786 
163556 
114406 
163559 
163560 
147177 
130793 
163563 
163564 
130796 
147182 
163567 
130801 
163570 
147187 
163573 
163574 
114423 
130808 
163577 
130811 
163580 
147196 
163581 
163584 
130816 
114432 
163585 
163588 
147205 
130821 
163591 
114441 
163594 
147210 
130826 
163595 
163598 
147215 
130831 
163601 
163602 
114450 
163605 
163606 
130838 
147224 
163609 
130841 
114457 
163612 
130846 
163615 
163616 
147233 
114466 
163619 
130853 
163622 
147238 
163623 
130856 
163626 
163627 
114475 
130861 
163630 
147247 
163633 
130866 
163636 
114484 
163637 
130871 
163640 
147257 
163643 
163644 
130876 
147262 
163647 
163648 
163651 
130883 
163654 
130886 
147271 
163657 
163658 
130891 
163661 
114510 
163664 
147280 
163665 
130898 
163668 
163669 
147285 
130901 
114517 
163672 
147290 
130906 
163675 
163678 
163679 
130911 
114529 
163682 
130914 
147299 
163685 
163686 
114534 
163689 
163690 
147308 
130924 
163693 
163696 
163697 
147313 
163700 
130932 
163701 
147318 
114550 
163704 
163707 
130939 
163710 
147327 
163713 
163714 
130946 
114564 
130949 
163719 
163720 
147336 
130954 
163723 
163724 
147341 
114573 
163727 
130961 
163730 
147346 
130964 
163733 
163734 
114582 
163737 
130969 
163738 
147355 
163741 
130974 
163744 
163745 
114593 
130979 
163748 
147364 
163749 
163752 
130984 
147369 
114602 
163755 
163758 
147374 
163759 
130991 
114607 
163762 
130996 
163765 
163766 
147383 
114616 
163769 
163770 
131003 
163773 
114621 
163776 
147392 
131010 
163779 
163780 
147397 
114630 
131015 
163784 
163785 
147402 
114635 
163788 
163791 
163794 
163795 
147411 
131027 
114644 
163798 
163800 
163801 
114649 
131034 
163804 
147420 
163807 
147425 
163810 
114658 
163811 
147430 
163815 
114663 
163816 
131049 
163819 
163822 
147439 
131056 
114672 
163825 
131059 
163828 
163829 
114677 
163832 
147448 
131064 
163835 
163836 
147453 
114686 
163839 
)

// ************************************************************************* //
